NavGraph for maps/Raven_DM1.map loaded okay
Average edge length is 23.7036
Neighborhood range set to 24.7036
Partitioning navgraph nodes...
Loading map...
Creating a Wall
Creating a Wall
Creating a Wall
Creating a Wall
Creating a Wall
Creating a Wall
Creating a Wall
Creating a Wall
Creating a Wall
Creating a Wall
Creating a Wall
Creating a Wall
Creating a Wall
Creating a Wall
Creating a Wall
Creating a Wall
Creating a Wall
Creating a Wall
Creating a Wall
Creating a Wall
Creating a Wall
Creating a Wall
Creating a Wall
Creating a Wall
Creating a Wall
Creating a Wall
Creating a Wall
Creating a Wall
Creating a Wall
Creating a Wall
Creating a Wall
Creating a Wall
Creating a Wall
Creating a Wall
Creating a Wall
Creating a Wall
Creating a Wall
Creating a Wall
Creating a Wall
Creating a Wall
Creating a Wall
Creating a Wall
Creating a Wall
Creating a Wall
Creating a Wall
Creating a Wall
Creating a Wall
Creating a Wall
Creating a Wall
Creating a Wall
Creating a Wall
Creating a Wall
Creating a Wall
Creating a Wall
Creating a Wall
Creating a Wall
Creating a Wall
Creating a Wall
Creating a Spawn Point
Creating a Spawn Point
Creating a Spawn Point
Creating a Health
Creating a Health
Creating a Health
Creating a rocket_launcher
Creating a Railgun
Creating a shotgun
Creating a shotgun
Creating a rocket_launcher
maps/Raven_DM1.map loaded okay
Player Possesses bot 401
 47.1096 284.867
 47.7869 284.131
 48.4641 283.396
 49.1414 282.66
 49.8186 281.924
 50.4959 281.189
 51.1731 280.453
 51.8504 279.717
 52.5277 278.981
 53.2049 278.246
 53.8822 277.51
 54.5594 276.774
 55.2367 276.038
 55.9139 275.303
 56.5912 274.567
 57.2685 273.831
 57.9457 273.095
 58.623 272.36
 59.3002 271.624
 59.1771 271.064
 58.6501 270.602
 57.9192 270.193
 57.0855 269.813
 56.1998 269.449
 55.2879 269.095
 54.3626 268.745
 53.4307 268.397
 52.4953 268.051
 51.5582 267.706
 50.6202 267.361
 49.6817 267.017
 48.7431 266.673
 47.8043 266.328
 46.8654 265.984
 45.9265 265.64
 44.9876 265.296
 44.1135 264.83
 43.2734 264.301
 42.4513 263.74
 41.6388 263.161
 40.8314 262.573
 40.0266 261.98
 39.2232 261.386
 38.4206 260.789
 37.6185 260.192
 36.8165 259.595
 36.0147 258.997
 35.2129 258.4
 34.4112 257.802
 33.6095 257.204
 32.8078 256.607
 32.0061 256.009
 31.9842 256.036
 32.3527 256.376
 32.9166 256.871
 33.5784 257.443
 34.2892 258.055
 35.0244 258.685
 35.772 259.326
 36.5258 259.971
 37.2826 260.619
 38.041 261.268
 38.8001 261.917
 39.5596 262.567
 40.3193 263.217
 41.0792 263.867
 41.839 264.517
 42.5989 265.167
 43.3588 265.817
 44.1866 266.364
 45.0496 266.857
 45.9307 267.323
 46.8213 267.774
 47.7167 268.216
 48.6148 268.655
 49.5142 269.092
 50.4142 269.527
 51.3147 269.962
 52.2153 270.397
 53.1161 270.831
 54.0169 271.265
 54.9177 271.699
 55.8185 272.133
 56.7194 272.567
 57.6202 273.002
 57.5889 273.085
 57.092 272.991
 56.3625 272.807
 55.5169 272.579
 54.6132 272.327
 53.6807 272.064
 52.7336 271.795
 51.7794 271.523
 50.8216 271.25
 49.8619 270.975
 48.9014 270.701
 47.9404 270.426
 46.9792 270.151
 46.0179 269.876
 45.0565 269.601
 44.0951 269.326
 43.1337 269.051
 43.1168 269.1
 43.5725 269.311
 44.2648 269.601
 45.0755 269.931
 45.9454 270.281
 46.845 270.641
 47.7594 271.005
 48.6813 271.372
 49.6068 271.741
 50.5343 272.109
 51.4626 272.478
 52.3915 272.847
 53.3206 273.217
 54.2497 273.586
 55.179 273.955
 56.1083 274.325
 57.0376 274.694
 57.9669 275.063
 57.9537 275.1
 57.4696 274.971
 56.7501 274.758
 55.913 274.502
 55.0172 274.226
 54.0919 273.938
 53.152 273.646
 52.2048 273.35
 51.2539 273.054
 50.3012 272.756
 49.3475 272.459
 48.3935 272.161
 47.4391 271.863
 46.4847 271.565
 45.5302 271.267
 44.5757 270.969
 43.6211 270.671
 43.3399 270.062
 43.4776 270.173
 43.823 270.645
 44.2712 271.298
 44.7702 272.042
 45.2943 272.832
 45.7285 272.758
 46.1044 272.246
 46.4439 271.514
 46.7611 270.67
 47.065 269.77
 47.3608 268.841
 47.6517 267.897
 47.8845 267.142
 48.0397 266.267
 48.1545 265.33
 48.2482 264.363
 48.331 263.381
 48.4079 262.391
 48.4819 261.397
 48.5542 260.402
 48.6258 259.405
 48.6968 258.408
 48.7677 257.411
 48.8384 256.414
 48.9091 255.416
 48.9797 254.419
 49.0503 253.421
 49.1209 252.424
 49.1915 251.426
 49.2621 250.429
 49.3327 249.431
 49.4032 248.434
 49.7319 247.53
 50.1926 246.675
 50.7211 245.847
 51.2261 244.984
 51.3592 244.067
 51.3975 243.109
 51.3865 242.131
 51.3497 241.143
 51.2995 240.15
 51.2422 239.154
 51.1812 238.158
 51.1182 237.16
 51.0542 236.163
 50.9897 235.165
 50.9249 234.167
 50.8599 233.17
 50.7948 232.172
 50.7297 231.174
 50.6645 230.176
 50.5994 229.178
 50.5342 228.18
 50.4821 227.382
 50.7463 226.576
 51.1717 225.768
 51.6794 224.96
 52.2291 224.153
 52.8003 223.347
 53.3824 222.541
 53.9702 221.736
 54.5608 220.931
 55.153 220.126
 55.7459 219.321
 56.3392 218.516
 56.9326 217.711
 57.5262 216.907
 58.1199 216.102
 58.7135 215.297
 59.3072 214.493
 59.9009 213.688
 60.4946 212.883
 61.0883 212.079
 61.682 211.274
 62.2757 210.469
 62.8694 209.665
 63.4631 208.86
 64.0568 208.055
 64.6505 207.251
 65.2442 206.446
 65.8828 205.678
 66.5444 204.93
 67.2178 204.192
 67.8972 203.459
 68.5799 202.728
 69.2641 201.999
 69.9492 201.271
 70.6347 200.543
 185.438 63.4788
 185.837 62.5618
 186.236 61.6448
 186.635 60.7278
 187.034 59.8108
 187.433 58.8938
 187.832 57.9767
 188.23 57.0597
 188.629 56.1427
 189.028 55.2257
 189.427 54.3087
 189.826 53.3917
 190.225 52.4747
 190.624 51.5576
 191.022 50.6406
 191.421 49.7236
 191.82 48.8066
 192.219 47.8896
 192.618 46.9726
 193.017 46.0556
 193.416 45.1385
 193.814 44.2215
 194.213 43.3045
 194.612 42.3875
 195.011 41.4705
 195.41 40.5535
 195.809 39.6364
 196.208 38.7194
 196.317 37.7254
 195.901 37.3978
 196.184 37.3247
 196.817 37.3833
 197.624 37.5099
 198.518 37.6718
 199.454 37.8521
 200.413 38.0421
 201.382 38.2371
 202.157 38.3931
 203.044 38.4999
 203.987 38.5811
 204.957 38.649
 205.942 38.7098
 206.933 38.767
 207.928 38.8223
 208.925 38.8766
 209.923 38.9303
 210.921 38.9838
 211.919 39.0371
 212.918 39.0904
 213.916 39.1436
 214.915 39.1968
 215.913 39.25
 216.912 39.3032
 217.911 39.3563
 218.909 39.4095
 219.908 39.4627
 220.906 39.5158
 221.905 39.569
 222.904 39.6033
 223.904 39.6277
 224.903 39.6471
 225.903 39.6638
 226.903 39.6791
 227.903 39.6937
 228.903 39.7079
 229.903 39.722
 230.903 39.7359
 231.903 39.7498
 232.903 39.7637
 233.902 39.7775
 234.902 39.7913
 235.902 39.8051
 236.902 39.819
 237.902 39.8328
 238.902 39.8466
 239.902 39.8604
 240.902 39.8743
 241.902 39.8881
 242.702 39.8991
 243.602 39.9065
 244.552 39.912
 245.527 39.9164
 246.514 39.9204
 247.508 39.924
 248.505 39.9275
 249.503 39.931
 250.502 39.9344
 251.502 39.9378
 252.502 39.9412
 253.502 39.9445
 254.502 39.9479
 255.501 39.9513
 256.501 39.9546
 257.501 39.958
 258.501 39.9613
 259.501 39.9647
 260.501 39.9681
 261.501 39.9714
 262.501 39.9736
 263.501 39.9752
 264.501 39.9764
 265.501 39.9775
 266.501 39.9785
 267.501 39.9795
 268.501 39.9804
 269.501 39.9813
 270.501 39.9823
 271.501 39.9832
 272.501 39.9841
 273.501 39.985
 274.501 39.9859
 275.501 39.9868
 276.501 39.9877
 277.501 39.9886
 278.501 39.9895
 279.501 39.9905
 280.501 39.9914
 281.501 39.9923
 282.301 39.993
 283.107 40.2861
 283.913 40.7283
 284.718 41.2465
 285.522 41.8035
 286.325 42.3802
 287.128 42.9671
 287.93 43.5592
 288.733 44.154
 289.535 44.7501
 290.337 45.3469
 291.138 45.9441
 291.94 46.5414
 292.742 47.1389
 293.544 47.7364
 294.346 48.3339
 295.148 48.9315
 295.95 49.529
 296.751 50.1266
 297.553 50.7241
 298.355 51.3217
 299.157 51.9192
 299.959 52.5168
 300.761 53.1143
 301.562 53.7119
 302.364 54.3095
 303.166 54.907
 303.932 55.5473
 304.68 56.2095
 305.418 56.883
 306.151 57.5623
 306.882 58.2445
 307.612 58.9283
 308.341 59.6129
 309.069 60.2979
 309.798 60.9831
 310.526 61.6684
 311.254 62.3538
 311.982 63.0392
 312.71 63.7246
 313.438 64.41
 314.167 65.0954
 314.895 65.7808
 315.623 66.4663
 316.351 67.1517
 317.079 67.8371
 317.807 68.5225
 318.535 69.208
 319.264 69.8934
 319.992 70.5788
 320.72 71.2643
 321.448 71.9497
 322.176 72.6351
 322.904 73.3205
 323.632 74.006
 324.215 74.5543
 324.995 74.9318
 325.876 75.2199
 326.806 75.4611
 327.762 75.6777
 328.731 75.8814
 329.706 76.0784
 330.685 76.2717
 331.665 76.4631
 332.646 76.6535
 333.628 76.8434
 334.609 77.033
 335.591 77.2225
 336.573 77.4118
 337.555 77.6011
 338.537 77.7904
 339.519 77.9797
 340.501 78.169
 341.483 78.3583
 342.473 78.4816
 343.467 78.5709
 344.464 78.6424
 345.461 78.7047
 346.459 78.7622
 347.457 78.8172
 348.456 78.8709
 349.454 78.9239
 350.453 78.9766
 351.452 79.029
 352.45 79.0814
 353.449 79.1337
 354.448 79.186
 355.446 79.2383
 356.445 79.2906
 357.443 79.3429
 358.442 79.3951
 359.441 79.4474
 360.439 79.4996
 361.438 79.5519
 362.237 79.5937
 363.136 79.6219
 364.086 79.6431
 365.061 79.6605
 366.048 79.6761
 367.042 79.6906
 368.038 79.7046
 369.037 79.7183
 370.036 79.7319
 371.035 79.7454
 372.035 79.7589
 373.035 79.7723
 374.035 79.7858
 375.035 79.7992
 376.035 79.8126
 377.035 79.826
 378.034 79.8394
 379.034 79.8529
 380.034 79.8663
 381.034 79.8797
 382.034 79.8885
 383.034 79.8949
 384.034 79.9
 385.034 79.9045
 386.034 79.9087
 387.034 79.9127
 388.034 79.9165
 389.034 79.9204
 390.034 79.9242
 391.034 79.928
 392.034 79.9318
 393.034 79.9356
 394.034 79.9394
 395.034 79.9432
 396.034 79.947
 397.034 79.9508
 398.034 79.9546
 399.034 79.9584
 400.034 79.9622
 401.034 79.966
 401.834 79.969
 402.734 79.9711
 403.684 79.9726
 404.659 79.974
 405.646 79.9751
 406.64 79.9762
 407.637 79.9773
 408.635 79.9783
 409.635 79.9793
 410.634 79.9803
 411.634 79.9814
 412.634 79.9824
 413.634 79.9834
 414.634 79.9844
 415.634 79.9854
 416.634 79.9864
 417.634 79.9875
 418.634 79.9885
 419.634 79.9895
 420.634 79.9905
 421.634 79.9915
 422.277 79.2257
 423.165 78.7658
 423.945 78.1402
 424.785 77.5969
 425.595 77.0104
 426.42 76.446
 427.238 75.8701
 428.059 75.3002
 428.879 74.7271
 429.699 74.1557
 430.52 73.5835
 431.34 73.0116
 432.16 72.4396
 432.98 71.8677
 433.801 71.2957
 434.621 70.7237
 435.441 70.1517
 436.262 69.5798
 436.875 68.7898
 436.873 68.001
 436.547 67.2274
 436.048 66.47
 435.355 66.3217
 434.568 66.485
 433.737 66.8077
 432.884 67.2119
 432.021 67.6579
 431.153 68.1254
 430.284 68.6038
 429.413 69.088
 428.542 69.5751
 427.67 70.0637
 426.799 70.553
 425.927 71.0428
 425.055 71.5328
 424.184 72.0229
 423.312 72.513
 422.441 73.0032
 421.569 73.4934
 420.697 73.9836
 419.826 74.4738
 184.845 93.6885
 185.444 94.3597
 186.089 95.0564
 186.757 95.7657
 187.438 96.4812
 188.124 97.1998
 188.813 97.9198
 189.504 98.6407
 190.196 99.3618
 190.888 100.083
 191.58 100.805
 192.272 101.526
 192.965 102.248
 193.657 102.969
 194.349 103.691
 195.042 104.412
 195.734 105.134
 196.427 105.855
 197.119 106.577
 197.811 107.298
 198.504 108.02
 199.196 108.741
 199.888 109.463
 200.581 110.184
 201.273 110.906
 201.966 111.627
 202.658 112.349
 203.35 113.071
 204.043 113.792
 204.5 114.64
 204.834 115.553
 205.105 116.499
 205.342 117.461
 205.562 118.432
 205.773 119.407
 205.979 120.384
 206.182 121.363
 206.384 122.342
 206.585 123.321
 206.786 124.301
 206.987 125.28
 207.188 126.26
 207.388 127.24
 207.589 128.219
 207.789 129.199
 207.99 130.179
 208.19 131.158
 208.391 132.138
 208.551 132.922
 208.658 133.813
 208.737 134.758
 208.802 135.73
 208.859 136.715
 208.912 137.707
 208.962 138.703
 209.012 139.7
 377.887 112.285
 377.172 112.984
 376.457 113.683
 375.742 114.383
 375.171 114.942
 374.773 115.86
 374.376 116.778
 373.979 117.695
 373.582 118.613
 373.185 119.531
 372.788 120.449
 372.391 121.366
 371.993 122.284
 371.596 123.202
 371.199 124.12
 370.802 125.037
 370.405 125.955
 370.008 126.873
 369.611 127.791
 369.213 128.708
 368.816 129.626
 368.419 130.544
 368.022 131.462
 367.625 132.379
 367.228 133.297
 366.831 134.215
 366.433 135.133
 366.036 136.051
 365.639 136.968
 365.242 137.886
 364.845 138.804
 364.448 139.722
 364.051 140.639
 363.653 141.557
 363.256 142.475
 362.859 142.393
 362.993 141.978
 363.396 141.4
 363.934 140.742
 364.541 140.044
 365.182 139.327
 365.842 138.6
 366.51 137.869
 367.182 137.135
 367.857 136.4
 368.533 135.665
 369.21 134.929
 369.887 134.194
 370.564 133.458
 371.241 132.722
 371.918 131.986
 372.595 131.251
 373.272 130.515
 373.307 130.544
 373.018 130.954
 372.569 131.555
 372.038 132.251
 371.467 132.995
 370.875 133.762
 370.274 134.541
 369.667 135.326
 369.057 136.114
 368.447 136.903
 367.835 137.693
 367.223 138.484
 366.612 139.274
 366 140.065
 365.388 140.856
 364.776 141.647
 364.164 142.437
 364.265 142.543
 364.722 142.305
 365.356 141.892
 366.077 141.392
 366.842 140.848
 367.629 140.281
 368.426 139.704
 369.229 139.121
 370.034 138.534
 370.841 137.947
 371.649 137.358
 372.456 136.77
 373.264 136.181
 374.072 135.592
 374.88 135.003
 375.688 134.413
 376.496 133.824
 376.523 133.858
 376.158 134.202
 375.598 134.701
 374.939 135.277
 374.231 135.892
 373.499 136.527
 372.754 137.17
 372.003 137.819
 371.249 138.47
 370.494 139.122
 369.737 139.774
 368.981 140.427
 368.224 141.081
 367.467 141.734
 366.71 142.387
 365.952 143.04
 365.195 143.693
 365.229 143.737
 365.658 143.475
 366.283 143.06
 367.007 142.568
 367.78 142.037
 368.577 141.487
 369.387 140.927
 370.203 140.362
 371.022 139.795
 371.842 139.226
 372.663 138.657
 373.485 138.088
 374.306 137.518
 375.128 136.949
 375.95 136.379
 376.772 135.809
 377.593 135.24
 378.415 134.67
 378.52 134.78
 378.264 135.229
 377.826 135.846
 377.296 136.546
 376.72 137.287
 376.121 138.05
 375.511 138.822
 374.894 139.6
 374.275 140.38
 373.653 141.161
 373.032 141.943
 372.409 142.725
 371.787 143.507
 371.164 144.29
 370.542 145.072
 369.919 144.855
 369.32 145.155
 368.744 145.722
 368.189 146.428
 367.634 146.134
 367.675 145.601
 368.019 144.954
 368.517 144.251
 369.093 143.522
 369.71 142.78
 370.347 142.032
 370.994 141.282
 371.646 140.53
 372.302 139.777
 372.959 139.025
 373.616 138.272
 374.274 137.519
 374.932 136.767
 375.59 136.014
 376.248 135.261
 376.906 134.508
 377.565 133.755
 378.223 133.003
 378.704 132.15
 379.092 131.246
 379.432 130.315
 379.746 129.371
 380.047 128.421
 380.34 127.466
 380.63 126.51
 380.918 125.552
 381.205 124.595
 381.491 123.637
 381.777 122.678
 382.062 121.72
 382.348 120.762
 382.634 119.803
 382.919 118.845
 383.205 117.887
 383.223 117.892
 383.107 118.378
 382.925 119.106
 382.708 119.954
 382.475 120.862
 382.233 121.8
 381.987 122.753
 381.739 123.714
 381.489 124.678
 381.24 125.644
 380.99 126.612
 380.739 127.579
 380.489 128.547
 380.239 129.515
 379.988 130.483
 379.738 131.451
 379.487 132.419
 379.237 133.388
 378.838 134.29
 378.362 135.158
 377.846 136.007
 377.309 136.847
 376.761 137.681
 376.207 138.513
 375.65 139.343
 375.092 140.172
 374.533 141.001
 373.973 141.83
 373.413 142.659
 372.853 143.487
 372.293 143.316
 371.753 143.657
 371.234 144.261
 370.73 144.999
 370.239 145.808
 369.748 145.616
 369.19 145.129
 368.6 144.494
 367.994 143.786
 367.38 143.04
 366.762 142.276
 366.142 141.502
 365.521 140.723
 364.9 139.942
 364.278 139.16
 363.656 138.378
 363.035 137.595
 362.413 136.812
 361.791 136.029
 361.169 135.246
 360.548 134.463
 359.926 133.679
 359.304 132.896
 358.682 132.113
 358.06 131.33
 357.439 130.547
 356.817 129.763
 356.195 128.98
 355.573 128.197
 354.951 127.414
 354.33 126.631
 353.708 125.848
 353.086 125.064
 352.464 124.281
 351.842 123.498
 351.221 122.715
 350.599 121.932
 349.977 121.148
 349.355 120.365
 348.734 119.582
 348.112 118.799
 347.49 118.016
 346.868 117.233
 346.246 116.449
 345.625 115.666
 345.003 114.883
 344.381 114.1
 343.759 113.317
 343.137 112.533
 342.516 111.75
 341.894 110.967
 341.272 110.184
 340.65 109.401
 340.028 108.617
 339.407 107.834
 338.969 106.935
 338.355 106.179
 337.646 105.504
 336.886 104.875
 336.07 104.805
 335.23 105.022
 334.38 105.386
 333.526 105.825
 332.671 106.302
 331.815 106.799
 330.96 107.307
 330.104 107.82
 329.249 108.335
 328.394 108.852
 327.539 109.37
 326.683 109.888
 325.828 110.406
 324.973 109.924
 324.131 109.962
 323.302 110.271
 322.484 110.72
 321.673 111.243
 320.868 111.805
 320.067 112.387
 319.267 112.979
 318.469 113.577
 317.671 114.179
 316.874 114.782
 316.236 115.264
 315.795 115.99
 315.457 116.839
 315.174 117.75
 314.919 118.693
 314.679 119.651
 314.447 120.618
 314.219 121.588
 313.993 122.561
 313.769 123.535
 313.545 124.509
 313.322 125.483
 313.098 126.458
 312.875 127.433
 312.652 128.408
 312.429 129.382
 312.206 130.357
 311.983 131.332
 311.567 132.216
 311.053 133.053
 310.488 133.866
 310.296 134.847
 310.287 135.847
 310.35 136.845
 310.052 137.72
 309.961 138.716
 309.967 139.716
 310.011 140.715
 310.064 141.713
 310.114 142.712
 310.15 143.711
 309.779 144.525
 309.595 145.438
 309.493 146.388
 309.422 147.346
 309.357 148.294
 309.287 149.224
 309.208 150.13
 309.118 151.011
 309.012 151.86
 308.89 152.676
 308.757 153.459
 308.609 154.207
 308.451 154.921
 308.289 155.6
 308.119 156.244
 307.545 156.667
 307.165 157.152
 306.88 157.653
 306.242 157.972
 305.829 158.364
 305.529 158.78
 305.286 159.192
 305.069 159.586
 304.461 159.796
 303.657 159.909
 303.171 160.114
 302.85 160.356
 302.614 160.606
 302.424 160.85
 302.261 161.079
 302.114 161.292
 301.979 161.487
 301.853 161.664
 301.735 161.825
 301.625 161.971
 301.522 162.102
 301.41 162.21
 300.863 162.169
 300.099 162.05
 299.227 161.892
 298.302 161.712
 297.802 161.619
 297.135 161.849
 296.386 162.241
 295.597 162.717
 294.788 163.234
 293.969 163.773
 293.146 164.323
 292.32 164.878
 291.494 165.436
 290.666 165.996
 289.839 166.556
 289.011 167.117
 288.183 167.678
 287.355 168.238
 286.425 168.604
 286.151 168.325
 285.57 167.956
 284.834 167.545
 284.02 167.112
 283.168 166.67
 282.295 166.222
 281.413 165.773
 280.526 165.323
 279.636 164.872
 278.745 164.421
 277.853 163.97
 277.139 163.609
 276.287 163.363
 275.365 163.176
 274.408 163.021
 273.433 162.881
 272.449 162.751
 271.461 162.625
 270.471 162.501
 269.479 162.378
 268.487 162.257
 267.495 162.135
 266.502 162.014
 265.51 161.893
 264.517 161.771
 263.525 161.65
 262.532 161.529
 261.539 161.408
 260.547 161.287
 259.554 161.166
 258.562 161.045
 257.566 160.966
 256.568 160.909
 255.569 160.863
 254.57 160.824
 253.571 160.787
 252.572 160.752
 251.572 160.718
 250.573 160.684
 249.574 160.651
 248.574 160.617
 247.575 160.584
 246.575 160.551
 245.576 160.518
 244.576 160.484
 243.577 160.451
 242.577 160.418
 241.578 160.385
 240.578 160.352
 239.579 160.318
 238.58 160.285
 237.78 160.259
 236.88 160.241
 235.93 160.227
 234.956 160.216
 233.968 160.206
 232.974 160.197
 231.978 160.188
 230.979 160.179
 229.98 160.171
 228.98 160.162
 227.981 160.154
 226.981 160.145
 225.981 160.136
 224.981 160.128
 223.981 160.119
 222.981 160.111
 221.981 160.102
 220.981 160.094
 219.981 160.085
 218.981 160.077
 218.277 159.616
 217.731 158.925
 217.268 158.117
 216.851 157.248
 215.998 156.726
 215.403 155.994
 214.945 155.155
 214.562 154.259
 214.217 153.336
 213.894 152.397
 213.583 151.451
 213.278 150.5
 212.977 149.548
 212.677 148.594
 212.379 147.64
 212.14 146.877
 211.981 145.997
 211.863 145.058
 211.767 144.09
 211.683 143.108
 211.604 142.118
 211.529 141.124
 211.455 140.128
 211.382 139.132
 211.31 138.135
 211.237 137.138
 211.165 136.14
 211.093 135.143
 211.021 134.146
 210.949 133.148
 210.877 132.151
 210.805 131.154
 210.733 130.156
 210.661 129.159
 210.589 128.161
 210.258 127.259
 209.794 126.407
 209.262 125.58
 208.696 124.768
 208.111 123.962
 207.517 123.161
 206.919 122.361
 206.318 121.563
 205.716 120.765
 313.759 319.281
 312.808 319.434
 311.833 319.523
 310.845 319.579
 309.851 319.617
 308.855 319.645
 307.856 319.669
 306.857 319.69
 305.858 319.71
 304.858 319.729
 303.859 319.748
 302.859 319.766
 301.859 319.784
 300.859 319.803
 299.859 319.821
 298.859 319.839
 298.06 319.854
 297.16 319.863
 296.21 319.871
 295.235 319.877
 294.247 319.883
 293.254 319.888
 292.257 319.893
 291.258 319.898
 290.259 319.903
 289.259 319.907
 288.26 319.912
 287.26 319.917
 187.691 98.6094
 187.002 97.8846
 186.313 97.1599
 185.624 96.4351
 184.935 95.7104
 184.246 94.9856
 183.557 94.2608
 182.868 93.5361
 182.179 92.8113
 181.49 92.0865
 180.801 91.3618
 180.112 90.637
 179.423 89.9122
 178.734 89.1875
 178.045 88.4627
 177.356 87.7379
 176.667 87.0132
 175.978 86.2884
 175.148 85.8084
 174.245 85.4559
 173.306 85.1698
 172.349 84.9185
 171.381 84.6854
 170.409 84.4618
 169.435 84.2433
 168.459 84.0273
 167.483 83.8128
 166.506 83.5989
 165.529 83.3855
 164.552 83.1723
 163.575 82.9592
 162.598 82.7462
 161.621 82.5332
 160.644 82.3202
 159.667 82.1072
 158.69 81.8942
 157.908 81.7238
 157.099 81.9126
 156.279 82.2845
 155.454 82.75
 154.628 83.2632
 153.801 83.8008
 152.974 84.351
 152.148 84.9075
 151.321 85.4674
 150.495 86.0289
 149.669 86.5913
 148.842 87.1541
 148.016 87.7172
 147.19 88.2804
 146.364 88.8437
 145.537 89.4069
 144.711 89.9702
 143.885 90.5336
 143.059 91.0969
 142.232 91.6602
 141.406 92.2235
 140.58 92.7868
 139.754 93.3501
 138.927 93.9135
 138.101 94.4768
 137.275 95.0401
 136.493 95.6593
 135.734 96.3072
 134.986 96.9698
 134.245 97.64
 133.507 98.314
 132.77 98.9901
 132.034 99.6672
 131.299 100.345
 130.564 101.023
 129.829 101.701
 129.094 102.379
 128.359 103.057
 127.624 103.735
 126.889 104.413
 126.154 105.092
 125.419 105.77
 124.685 106.448
 123.95 107.126
 123.215 107.804
 122.48 108.483
 121.745 109.161
 121.01 109.839
 120.275 110.517
 119.54 111.195
 118.806 111.874
 118.071 112.552
 117.336 113.23
 116.601 113.908
 116.013 114.451
 115.362 115.072
 114.68 115.734
 113.983 116.415
 113.278 117.106
 112.569 117.802
 111.858 118.501
 111.146 119.201
 110.433 119.902
 109.72 120.603
 109.008 121.304
 108.295 122.005
 107.582 122.706
 106.869 123.407
 106.156 124.108
 105.443 124.81
 104.73 125.511
 104.017 126.212
 103.304 126.913
 102.591 127.615
 101.879 128.316
 101.166 129.017
 100.453 129.718
 99.7398 130.42
 99.0269 131.121
 98.3139 131.822
 97.601 132.523
 96.8881 133.225
 96.1752 133.926
 95.7035 134.763
 95.3574 135.669
 95.0769 136.611
 94.8306 137.57
 94.6021 138.539
 94.3831 139.512
 94.1689 140.487
 93.9574 141.464
 93.7472 142.441
 93.5378 143.419
 93.3288 144.397
 93.1199 145.375
 92.9112 146.353
 92.7025 147.331
 92.4938 148.309
 92.2852 149.287
 92.0766 150.265
 91.868 151.243
 91.7011 152.025
 91.5873 152.915
 91.5012 153.859
 91.4294 154.831
 91.3652 155.816
 91.3049 156.807
 91.2467 157.802
 91.1895 158.799
 91.1329 159.797
 91.0766 160.795
 91.0205 161.793
 90.9645 162.791
 90.9085 163.79
 90.8525 164.788
 90.7965 165.786
 90.7406 166.785
 90.6846 167.783
 90.6287 168.782
 90.5727 169.78
 90.5168 170.779
 90.4608 171.777
 90.4247 172.776
 90.3988 173.776
 90.3783 174.775
 90.3605 175.775
 90.3442 176.775
 90.3286 177.775
 90.3134 178.775
 90.2985 179.775
 90.2836 180.774
 90.2688 181.774
 90.254 182.774
 90.2393 183.774
 90.2245 184.774
 90.2098 185.774
 90.195 186.774
 90.1803 187.774
 90.1655 188.774
 90.1508 189.774
 90.136 190.773
 90.1213 191.773
 90.1095 192.573
 90.1016 193.473
 90.0957 194.423
 90.0909 195.398
 90.0867 196.386
 90.0827 197.379
 90.0789 198.376
 90.0752 199.375
 90.0715 200.374
 90.0678 201.373
 90.0642 202.373
 90.0605 203.373
 90.0569 204.373
 90.0533 205.373
 90.0496 206.373
 90.046 207.373
 90.0423 208.373
 90.0387 209.373
 90.035 210.373
 90.0314 211.373
 89.7429 212.283
 89.3086 213.145
 88.7996 213.982
 88.2522 214.806
 87.6852 215.622
 87.1081 216.435
 86.5258 217.247
 85.9408 218.057
 85.3544 218.866
 84.7674 219.676
 84.1799 220.485
 83.5923 221.294
 83.0046 222.103
 82.4168 222.912
 81.829 223.721
 81.2411 224.53
 80.6533 225.339
 80.0655 226.148
 79.4777 226.957
 78.8898 227.766
 78.302 228.575
 77.7142 229.384
 77.1263 230.193
 76.5385 231.002
 75.9506 231.811
 75.3628 232.62
 74.775 233.429
 74.3047 234.076
 74.1409 235.062
 73.9771 236.049
 73.8133 237.035
 73.6495 238.022
 73.4857 239.008
 73.3219 239.995
 73.1581 240.981
 72.9942 241.968
 72.8304 242.954
 72.6666 243.941
 72.5028 244.927
 72.0682 245.828
 71.6836 245.807
 71.1697 245.414
 70.5927 244.833
 69.9851 244.158
 69.3625 243.435
 68.7328 242.688
 68.0996 241.929
 67.4647 241.164
 66.829 240.395
 66.1929 239.626
 65.5567 238.855
 64.9204 238.084
 64.284 237.313
 63.6476 236.542
 63.0112 235.77
 62.3748 234.999
 61.7384 234.228
 61.102 233.456
 60.4656 232.685
 59.8292 231.914
 59.1928 231.142
 58.5564 230.371
 57.92 229.6
 57.2836 228.828
 56.6472 228.057
 56.0108 227.286
 55.3744 226.514
 54.8653 225.897
 54.2645 225.228
 53.6174 224.533
 52.9471 223.825
 52.2652 223.111
 51.5773 222.394
 50.8864 221.676
 50.194 220.956
 49.5009 220.237
 48.8074 219.517
 48.1136 218.797
 47.4198 218.077
 46.726 217.357
 46.0321 216.637
 45.3382 215.916
 44.6443 215.196
 43.9504 214.476
 43.2565 213.756
 42.5626 213.036
 41.8687 212.316
 41.1748 211.596
 40.4809 210.876
 39.787 210.156
 39.0931 209.436
 38.3992 208.716
 37.7053 207.996
 37.0114 207.276
 36.3175 206.556
 35.6236 205.836
 34.9171 205.128
 34.2171 204.414
 33.5137 203.703
 32.8122 202.99
 32.1096 202.279
 31.4076 201.566
 31.3625 200.815
 30.9108 200.182
 31.185 199.861
 31.822 199.705
 32.6405 199.634
 33.5496 199.61
 34.504 199.609
 35.4811 199.622
 36.4694 199.641
 37.4634 199.664
 38.4603 199.689
 39.4585 199.714
 40.4574 199.741
 41.4567 199.768
 42.2561 199.789
 43.1558 199.804
 44.1057 199.815
 45.0806 199.824
 46.068 199.832
 47.0617 199.839
 48.0585 199.847
 49.057 199.854
 50.0561 199.861
 51.0557 199.868
 52.0555 199.875
 53.0554 199.882
 54.0553 199.889
 55.0553 199.896
 56.0552 199.903
 57.0552 199.91
 58.0552 199.917
 59.0551 199.924
 60.0551 199.931
 61.0551 199.938
 61.9669 199.657
 62.6963 199.433
 63.3404 199.736
 63.9354 200.306
 64.5023 201.012
 65.0534 201.788
 65.5954 202.599
 66.1324 203.428
 66.6666 204.266
 67.1991 205.108
 67.7308 205.953
 68.262 206.8
 68.7929 207.647
 69.3236 208.494
 69.8542 209.341
 70.3848 210.189
 70.9153 211.037
 71.4459 211.884
 71.2949 212.031
 70.8055 211.824
 70.1481 211.438
 69.4075 210.962
 68.6255 210.44
 67.8231 209.895
 67.0105 209.338
 66.193 208.775
 65.373 208.21
 64.5517 207.642
 63.7299 207.074
 62.9078 206.506
 62.0855 205.937
 61.2632 205.368
 60.4408 204.799
 59.6184 204.231
 58.796 203.662
 57.9736 203.093
 57.764 203.266
 57.8657 203.808
 58.1257 204.533
 58.4661 205.349
 58.8475 206.21
 59.2497 207.094
 59.6627 207.989
 60.081 208.889
 60.5022 209.792
 60.9247 210.696
 61.348 211.601
 61.7717 212.507
 62.1956 213.412
 62.6196 214.318
 63.0437 215.223
 63.4677 216.129
 63.8918 217.034
 63.8586 217.051
 63.5973 216.624
 63.2225 215.974
 62.7909 215.212
 62.3312 214.395
 61.8574 213.55
 61.3766 212.691
 60.8923 211.825
 60.4063 210.956
 59.9194 210.085
 59.4321 209.213
 58.9446 208.34
 58.457 207.467
 57.9693 206.594
 57.4816 205.721
 56.9939 204.848
 56.5062 203.975
 56.0185 203.102
 55.5307 202.229
 55.1665 202.278
 54.8709 202.79
 54.6133 203.533
 54.3765 204.393
 54.1512 205.311
 53.9322 206.259
 53.7167 207.222
 53.503 208.192
 53.2904 209.165
 53.0784 210.141
 52.8667 211.117
 52.6551 212.094
 52.4437 213.071
 52.2323 214.049
 52.0209 215.026
 51.8096 216.003
 51.5983 216.981
 51.4227 217.964
 51.2658 218.952
 51.1187 219.94
 50.9767 220.93
 50.8374 221.92
 50.6995 222.911
 50.5624 223.901
 50.4257 224.892
 50.2891 225.882
 50.1527 226.873
 50.0163 227.864
 49.88 228.854
 49.7437 229.845
 49.6074 230.836
 49.4711 231.826
 49.3348 232.817
 49.1989 233.808
 49.0632 234.799
 48.9276 235.789
 48.7921 236.78
 48.6567 237.771
 48.5212 238.762
 48.3858 239.752
 48.2503 240.743
 48.1149 241.734
 47.9795 242.725
 47.844 243.716
 47.7086 244.706
 47.5732 245.697
 47.4377 246.688
 47.3023 247.679
 47.1669 248.669
 47.0029 248.674
 46.828 248.185
 46.6493 247.449
 46.4696 246.589
 46.2899 245.668
 46.1104 244.715
 45.9312 243.747
 45.7522 242.77
 45.5734 241.79
 45.3947 240.809
 45.216 239.826
 45.0374 238.842
 44.8588 237.858
 44.6803 236.875
 44.5017 235.891
 44.3231 234.907
 44.1446 233.923
 43.9504 232.942
 43.7481 231.963
 43.5415 230.985
 43.3327 230.007
 43.1227 229.029
 42.9121 228.051
 42.7012 227.074
 42.4901 226.096
 42.2789 225.119
 42.0676 224.142
 41.8564 223.164
 41.6451 222.187
 41.4338 221.209
 41.2225 220.232
 41.0112 219.254
 40.7999 218.277
 40.5994 217.297
 40.4045 216.317
 40.2125 215.335
 40.0221 214.354
 39.8325 213.372
 39.6433 212.39
 39.4543 211.408
 39.2655 210.426
 39.0767 209.444
 38.8879 208.462
 38.6992 207.48
 38.5104 206.498
 38.3217 205.516
 38.133 204.534
 37.9443 203.552
 37.7556 202.57
 37.5908 202.574
 37.4414 203.071
 37.3014 203.816
 37.167 204.684
 37.0359 205.614
 36.9067 206.574
 36.7786 207.551
 36.6511 208.535
 36.524 209.523
 36.3971 210.513
 36.2703 211.504
 36.1436 212.495
 36.0169 213.487
 35.8903 214.479
 35.7636 215.471
 35.637 216.463
 35.5103 217.455
 35.3643 218.444
 35.2082 219.431
 35.0468 220.418
 34.8826 221.405
 34.717 222.391
 34.5506 223.377
 34.3838 224.363
 34.2168 225.349
 34.0497 226.335
 33.8826 227.321
 33.7154 228.306
 33.5481 229.292
 33.3809 230.278
 33.2137 231.264
 33.0464 232.25
 32.8792 233.236
 32.7495 233.231
 32.6413 232.731
 32.5451 231.982
 32.4558 231.11
 32.3702 230.175
 32.2867 229.209
 32.2043 228.228
 32.1226 227.239
 32.0413 226.246
 31.9602 225.252
 31.8791 224.256
 31.7982 223.26
 31.7172 222.263
 31.6363 221.267
 31.5554 220.27
Player Possesses bot 401
 36.9158 219.074
 37.9079 219.143
 38.9028 219.212
 39.8989 219.283
 40.623 218.872
 41.2023 218.543
 41.8738 218.056
 42.411 217.666
 43.1571 217.323
 43.7539 217.048
 44.5518 216.89
 45.4505 216.792
 46.3995 216.725
 47.3737 216.676
 48.3606 216.635
 49.3538 216.599
 50.3501 216.566
 51.3481 216.533
 52.3468 216.502
 53.3459 216.47
 54.3452 216.439
 55.3447 216.408
 56.1442 216.384
 56.5232 216.871
 56.2619 217.331
 55.9981 218.042
 55.7345 218.881
 55.4716 219.782
 55.2096 220.716
 54.9482 221.665
 54.6872 222.623
 54.4265 223.584
 54.1659 224.548
 53.9055 225.512
 53.6452 226.477
 53.3849 227.442
 53.1246 228.408
 52.8643 229.373
 52.604 230.339
 52.3438 231.304
 52.0835 232.27
 51.8753 233.042
 51.7365 233.927
 51.6339 234.869
 51.5502 235.838
 51.4763 236.822
 51.4075 237.813
 51.3415 238.808
 51.2887 239.603
 51.7619 240.02
 52.4985 240.238
 53.3667 240.354
 54.3008 240.415
 55.2678 240.447
 56.2513 240.465
 57.2431 240.475
 58.239 240.481
 59.2369 240.485
 60.2359 240.488
 61.2354 240.489
 62.2351 240.491
 63.235 240.492
 64.2349 240.494
 65.2349 240.495
 66.2349 240.496
 67.2349 240.498
 68.2348 240.499
 69.2348 240.5
 69.2483 240.385
 68.7679 240.215
 68.0403 240.019
 67.189 239.809
 66.2758 239.594
 65.3315 239.376
 64.5761 239.201
 64.0854 239.601
 64.3389 239.834
 64.6008 240.433
 64.8648 241.214
 65.1286 242.086
 65.3917 243.005
 65.6541 243.947
 65.916 244.901
 66.1774 245.86
 66.4387 246.823
 66.6997 247.787
deleting raven bot (id = 401)
deleting raven bot (id = 402)
deleting raven bot (id = 403)
